0	1E0	1E0	1E0	1E0	1E0	1E0	1E0	1E0	1E0	1E0
1	9.7395413818E-1	1.002104856E0	1.0122827418E0	1.0067679832E0	1.0033859504E0	1.0402173764E0	1.0078625071E0	1.0226982526E0	1.0036744761E0	9.9861461749E-1
2	9.7758636519E-1	9.8210460306E-1	1.0128948625E0	1.0012460211E0	9.9903274309E-1	1.0653462501E0	1.0241421534E0	1.0222815189E0	9.9963602232E-1	9.9898142484E-1
3	9.5743800897E-1	9.7229375666E-1	1.0251626733E0	9.9925286348E-1	9.926932101E-1	1.1150462133E0	1.0425552566E0	1.0312718192E0	9.9188069954E-1	1.000483282E0
4	9.6138226733E-1	9.5813751786E-1	1.0272142019E0	9.957535705E-1	1.0028674011E0	1.100303173E0	1.0344189998E0	1.0147765421E0	9.932458286E-1	9.9813450583E-1
5	9.6824149466E-1	9.6293983774E-1	1.0245561093E0	9.9467260314E-1	1.0079697039E0	1.1096293797E0	1.0483064562E0	1.0536352049E0	9.9865922888E-1	9.9864406285E-1
6	9.8746957745E-1	9.7012553914E-1	1.0270424366E0	9.9070797519E-1	1.0071321295E0	1.1109192876E0	1.0471852204E0	1.0758970505E0	9.9247912935E-1	9.9848361243E-1
7	9.9458035372E-1	9.8038933582E-1	1.0462439354E0	9.8771915346E-1	1.0091363387E0	1.1278045105E0	1.0505821286E0	1.0826408948E0	9.9629459743E-1	9.9708428772E-1
8	9.7337615557E-1	1.0061732904E0	1.0531733067E0	9.9579428407E-1	1.0061203417E0	1.1365889995E0	1.0531300966E0	1.0742772639E0	9.905886472E-1	9.971388974E-1
9	9.8320620298E-1	1.0149977889E0	1.0573141655E0	9.9567891824E-1	1.0064344901E0	1.1409896898E0	1.0554481902E0	1.1001348564E0	9.9872250341E-1	9.9716356101E-1
10	9.7197610589E-1	1.0277475315E0	1.045380518E0	1.0044634582E0	1.0026908956E0	1.1433295576E0	1.0702257401E0	1.1077295214E0	1.0046370258E0	9.9688016308E-1
11	9.7208575733E-1	1.0345922153E0	1.0614286819E0	1.0047645778E0	1.0029693427E0	1.1722540298E0	1.058903653E0	1.1102847936E0	1.0051929648E0	9.9934777608E-1
12	9.8554372977E-1	1.0399953703E0	1.0669193638E0	1.0040108157E0	1.0052479913E0	1.1742126842E0	1.0527027259E0	1.1264052099E0	1.0115028509E0	9.9988982866E-1
13	1.0014268076E0	1.0403435014E0	1.0658598281E0	1.0094289508E0	1.0085372088E0	1.1736390527E0	1.0536500849E0	1.1342131946E0	1.0100345264E0	9.9939063775E-1
14	1.0128683445E0	1.0348261113E0	1.0591952138E0	1.0143429052E0	1.0083217202E0	1.2063640874E0	1.0673035093E0	1.1177466151E0	1.0142485698E0	1.000259026E0
15	1.01699553E0	1.0512673982E0	1.0669322272E0	1.0174835789E0	1.00957105E0	1.2076584491E0	1.0671909288E0	1.106529719E0	1.0145570352E0	1.0005915229E0
16	1.0099323214E0	1.0435360261E0	1.0532940142E0	1.0227096395E0	1.0107373511E0	1.2207946534E0	1.0772606888E0	1.0882709435E0	1.0197783914E0	1.0004403663E0
17	1.0118526822E0	1.0500681181E0	1.0580018659E0	1.0382805503E0	1.0118963848E0	1.2306808014E0	1.0830933753E0	1.0959320088E0	1.0265059338E0	1.0021001681E0
18	1.0118983291E0	1.0554477313E0	1.0678146929E0	1.0472258728E0	1.01174425E0	1.2254330173E0	1.087788981E0	1.0859968323E0	1.023655877E0	1.0029990357E0
19	1.0146257844E0	1.0725017831E0	1.0661837406E0	1.0556832841E0	1.0120490019E0	1.2378506724E0	1.0946739675E0	1.080885681E0	1.0298896627E0	1.0040129465E0
20	1.0164341341E0	1.0795996374E0	1.0720800039E0	1.0615713571E0	1.0179621196E0	1.2332137596E0	1.1071509967E0	1.0858092854E0	1.028544096E0	1.0031437507E0
21	1.0135434038E0	1.0908808046E0	1.0785676186E0	1.069559369E0	1.0210547291E0	1.2535767527E0	1.1131732001E0	1.0949686639E0	1.0292248847E0	1.0035784912E0
22	1.0170949509E0	1.0884101398E0	1.0850435652E0	1.0709760289E0	1.0220123358E0	1.2455975032E0	1.1075610408E0	1.08802763E0	1.0285746465E0	1.0047945709E0
23	1.0183495774E0	1.0896203959E0	1.0870637822E0	1.0754988882E0	1.0247271838E0	1.2487389858E0	1.1176987311E0	1.1073617039E0	1.0309039332E0	1.005799991E0
24	1.0285957492E0	1.0974455306E0	1.0996501636E0	1.0790873638E0	1.0261251243E0	1.2383833472E0	1.1154238766E0	1.1267780826E0	1.0293174297E0	1.0068401351E0
25	1.0357715993E0	1.1085252034E0	1.1112036089E0	1.0757109862E0	1.0240271219E0	1.2345115283E0	1.1215349288E0	1.1369144493E0	1.0324277635E0	1.0066422963E0
26	1.034721382E0	1.1219873613E0	1.1251005539E0	1.0801915732E0	1.0258271322E0	1.2385515357E0	1.1203354424E0	1.138316668E0	1.0388712283E0	1.0081493768E0
27	1.0480456967E0	1.1266006493E0	1.1393199208E0	1.0852983546E0	1.0298132857E0	1.2477326404E0	1.1301643886E0	1.1577467229E0	1.0445357638E0	1.0088063598E0
28	1.0585789563E0	1.1425236587E0	1.1452402504E0	1.0876067111E0	1.0328132507E0	1.2584870783E0	1.1334616843E0	1.161327859E0	1.0530697451E0	1.0086914739E0
29	1.0732070265E0	1.1556011739E0	1.1527094951E0	1.0928900809E0	1.0317230402E0	1.2606475646E0	1.1433226202E0	1.1783698855E0	1.0460229499E0	1.0098086502E0
30	1.0772213587E0	1.1636757599E0	1.1586958122E0	1.091435604E0	1.035237839E0	1.270098539E0	1.1493474611E0	1.1948398179E0	1.0490296367E0	1.0093560763E0
31	1.0764233313E0	1.1679193606E0	1.165149609E0	1.0978361587E0	1.036011803E0	1.2742507916E0	1.1544590253E0	1.2072141296E0	1.0507671908E0	1.0102785722E0
32	1.0746037452E0	1.1694690691E0	1.1740708935E0	1.098044824E0	1.0390442735E0	1.2848291552E0	1.1506538508E0	1.2198557134E0	1.0488280718E0	1.011115138E0
33	1.0719530112E0	1.1736752399E0	1.1879229048E0	1.1041855251E0	1.0411790045E0	1.2848666923E0	1.1498910185E0	1.2317266992E0	1.0517968691E0	1.0119582718E0
34	1.0883664456E0	1.1823822321E0	1.1842696406E0	1.1028997455E0	1.041618483E0	1.2844435898E0	1.1502025014E0	1.2266196892E0	1.05173681E0	1.013448758E0
35	1.0807112204E0	1.1821961377E0	1.1930756798E0	1.1017952949E0	1.0440917187E0	1.2786774871E0	1.1587450492E0	1.2318249034E0	1.054982678E0	1.0138915299E0
36	1.0903493974E0	1.1878709036E0	1.1909209915E0	1.1055480153E0	1.0461697589E0	1.2795046021E0	1.1615512054E0	1.2186616461E0	1.0532578441E0	1.0136148967E0
37	1.09742542E0	1.1856380554E0	1.2000999847E0	1.109278034E0	1.0472400592E0	1.2823505826E0	1.1708270482E0	1.2252797321E0	1.0554788212E0	1.01477937E0
38	1.1011672103E0	1.1886932333E0	1.2000355574E0	1.1128146375E0	1.0489814607E0	1.2950869446E0	1.1720161413E0	1.2330599653E0	1.0580987387E0	1.0155921365E0
39	1.1086168683E0	1.1984288914E0	1.2103976506E0	1.1140298893E0	1.0489949154E0	1.3142195445E0	1.1713464469E0	1.2497713396E0	1.0619468706E0	1.0154124566E0
40	1.1060121498E0	1.2035835483E0	1.2143798655E0	1.1194769298E0	1.048829851E0	1.3187014702E0	1.1701062942E0	1.2514430366E0	1.0636177827E0	1.0150303115E0
41	1.1117175267E0	1.1969297363E0	1.215307123E0	1.1224264042E0	1.0494063188E0	1.3334474501E0	1.1803200027E0	1.2613224529E0	1.0672815008E0	1.0152624569E0
42	1.1119689769E0	1.1968485748E0	1.2219720193E0	1.1236177139E0	1.0508161372E0	1.344205735E0	1.1871005722E0	1.2675248438E0	1.0675584495E0	1.0152346568E0
43	1.1118482796E0	1.1976757761E0	1.2216159857E0	1.1320659926E0	1.0518477933E0	1.3437468586E0	1.1837870094E0	1.2707042109E0	1.0757982751E0	1.0151148836E0
44	1.1156075698E0	1.2017551985E0	1.2299094931E0	1.1426011075E0	1.0515085667E0	1.3584448843E0	1.1824800021E0	1.2804800021E0	1.0788717665E0	1.0152721064E0
45	1.1326724034E0	1.206284158E0	1.2398693786E0	1.146645717E0	1.0525403722E0	1.3548883536E0	1.1859154804E0	1.2807778157E0	1.0782912462E0	1.0164895495E0
46	1.1349025301E0	1.2157627992E0	1.243672195E0	1.1522782555E0	1.0545369733E0	1.3658404092E0	1.197526311E0	1.2945966889E0	1.0798168507E0	1.0168946399E0
47	1.1377478002E0	1.223121561E0	1.2459373471E0	1.1526410514E0	1.0525450524E0	1.3828468135E0	1.2035394672E0	1.31082144E0	1.0808633135E0	1.0169081772E0
48	1.138461792E0	1.2242738235E0	1.2530569214E0	1.1534507948E0	1.0535418278E0	1.387035204E0	1.1995744481E0	1.3220375899E0	1.0819801112E0	1.0186273909E0
49	1.1498583959E0	1.2371129784E0	1.2518745739E0	1.1634089671E0	1.0554458678E0	1.389668211E0	1.1982048522E0	1.3344184953E0	1.0868106611E0	1.0180223405E0
50	1.1524338021E0	1.2457676917E0	1.2495529679E0	1.169879973E0	1.0547262308E0	1.4010483712E0	1.1989957607E0	1.3399660189E0	1.0871882775E0	1.0186803441E0
51	1.1521343383E0	1.2455625934E0	1.2546016706E0	1.1780367959E0	1.0549596128E0	1.4131728247E0	1.2037599884E0	1.3447049156E0	1.0852414939E0	1.018767059E0
52	1.1482021914E0	1.2514485981E0	1.2584886404E0	1.1826172582E0	1.0565491739E0	1.406410098E0	1.2078282373E0	1.3532790848E0	1.0849503685E0	1.0183228196E0
53	1.1556695706E0	1.255379274E0	1.257003943E0	1.19095304E0	1.0586521229E0	1.4043626832E0	1.213195252E0	1.3567132217E0	1.0890695094E0	1.0177450612E0
54	1.1490779304E0	1.2555784352E0	1.2556443424E0	1.1984123094E0	1.0586509475E0	1.4037114897E0	1.2118292944E0	1.3506314905E0	1.0944212028E0	1.0180621614E0
55	1.1484675858E0	1.2602086899E0	1.26026822E0	1.2071762091E0	1.0615131197E0	1.4078102322E0	1.2102347225E0	1.3606973593E0	1.0988344492E0	1.0177013716E0
56	1.1545362246E0	1.2656603885E0	1.2647807878E0	1.2172278749E0	1.0612515476E0	1.4094852954E0	1.2176646925E0	1.3673411386E0	1.1014459572E0	1.0186444545E0
57	1.1610753811E0	1.2674244783E0	1.2757947708E0	1.2229735528E0	1.0642345013E0	1.4203119969E0	1.22525981E0	1.3726541438E0	1.1060142458E0	1.0190440444E0
58	1.1578722834E0	1.2764328849E0	1.2802936641E0	1.2225076802E0	1.0657506288E0	1.4239500303E0	1.2337362907E0	1.3758296627E0	1.1106449412E0	1.0204274094E0
59	1.172062157E0	1.27995992E0	1.2841123785E0	1.2302183481E0	1.0676898159E0	1.4286350391E0	1.2432411851E0	1.3912041578E0	1.1175939931E0	1.0196783032E0
60	1.1741931188E0	1.2745110493E0	1.2823145249E0	1.2334766105E0	1.0678570494E0	1.4314457998E0	1.2495333453E0	1.3945779073E0	1.1201123946E0	1.0201002956E0
61	1.1817407003E0	1.2761059901E0	1.2888499361E0	1.2319749466E0	1.0686805128E0	1.4392508865E0	1.2510157135E0	1.4034025414E0	1.1234803514E0	1.020565093E0
62	1.1977195604E0	1.2823805713E0	1.2943159648E0	1.2396835752E0	1.069289702E0	1.4383252251E0	1.249744622E0	1.4116832251E0	1.1239870122E0	1.0219709016E0
63	1.1970371092E0	1.293855365E0	1.2982239458E0	1.2420595489E0	1.0689993792E0	1.4482032709E0	1.2541819274E0	1.4194721954E0	1.1303273029E0	1.0219424764E0
64	1.2043381241E0	1.2987386229E0	1.309474653E0	1.2448623701E0	1.0696368539E0	1.460873103E0	1.2641309695E0	1.4271251786E0	1.1323560598E0	1.0228032005E0
65	1.2104353605E0	1.3040933498E0	1.3107697901E0	1.247977152E0	1.0692155973E0	1.4644042214E0	1.2694235739E0	1.4312103E0	1.134400642E0	1.0225750781E0
66	1.2224769847E0	1.3129914823E0	1.3103581884E0	1.2460969256E0	1.0695421052E0	1.4689710717E0	1.2772109057E0	1.4359767858E0	1.1334368466E0	1.0233548281E0
67	1.2341705842E0	1.3118099432E0	1.3204307958E0	1.2496763852E0	1.0700651324E0	1.4743139487E0	1.2796952298E0	1.4448609598E0	1.1335230023E0	1.0239748873E0
68	1.2369695279E0	1.3132293519E0	1.3271485231E0	1.2540283327E0	1.0709589654E0	1.47673549E0	1.2849341979E0	1.4411641226E0	1.1354909067E0	1.0246175082E0
69	1.2359787132E0	1.3166410838E0	1.3276635151E0	1.2558730367E0	1.070877081E0	1.4839186999E0	1.2888238685E0	1.4494133452E0	1.1387582429E0	1.0249344995E0
70	1.2473798163E0	1.3154969916E0	1.33404902E0	1.2585127611E0	1.0723556202E0	1.4903863341E0	1.2951386965E0	1.453848981E0	1.1431696606E0	1.0258323056E0
71	1.2581020801E0	1.3204915685E0	1.3345892969E0	1.2599315781E0	1.074206212E0	1.499214698E0	1.3021309092E0	1.4635237108E0	1.1430794323E0	1.0263470605E0
72	1.2593026403E0	1.3191022082E0	1.3433491972E0	1.2722897226E0	1.0752391733E0	1.5093028681E0	1.3051314364E0	1.477936175E0	1.1424274839E0	1.0272104121E0
73	1.259395117E0	1.3215799988E0	1.3515539432E0	1.2747019404E0	1.0777655037E0	1.5218270331E0	1.3078939809E0	1.4892737768E0	1.1485581445E0	1.0270548225E0
74	1.2769706097E0	1.3258741002E0	1.3572633174E0	1.2709111543E0	1.0781576018E0	1.5330510474E0	1.3191753707E0	1.5025732804E0	1.1495028453E0	1.0278768399E0
75	1.2818193939E0	1.3401787956E0	1.360295853E0	1.2718377354E0	1.0785676699E0	1.5374119229E0	1.3288385249E0	1.5124885257E0	1.1506076722E0	1.0285280232E0
76	1.2932699381E0	1.3450701625E0	1.3702602781E0	1.2725995774E0	1.0804586075E0	1.5396148738E0	1.3305109067E0	1.5144268381E0	1.1529192034E0	1.0286142907E0
77	1.3023047008E0	1.3511747784E0	1.3729754503E0	1.2797340329E0	1.0799307466E0	1.5483018512E0	1.3361189618E0	1.5232430295E0	1.1535558946E0	1.0291018167E0
78	1.3108588856E0	1.3551227284E0	1.3742765463E0	1.2809672933E0	1.0804374409E0	1.5520740342E0	1.3365414126E0	1.5356760185E0	1.1576309623E0	1.0298843048E0
79	1.3079469701E0	1.3650135255E0	1.3758318001E0	1.2846428863E0	1.0813189237E0	1.5546015549E0	1.3412102876E0	1.5324078209E0	1.1596514164E0	1.0306930239E0
80	1.3159604303E0	1.3694966164E0	1.3832536421E0	1.2881395622E0	1.0821006371E0	1.5624898756E0	1.3416249599E0	1.5410211655E0	1.1587006457E0	1.0315797259E0
81	1.3343414643E0	1.3812028628E0	1.3826544327E0	1.2937952927E0	1.0842603489E0	1.570158355E0	1.3372341228E0	1.5406595451E0	1.161239506E0	1.0322993125E0
82	1.3362577886E0	1.3932006416E0	1.3883033667E0	1.2956201769E0	1.0848926399E0	1.575617581E0	1.3387978194E0	1.5427619149E0	1.1664453782E0	1.0326082901E0
83	1.3504041914E0	1.3969819474E0	1.3957575191E0	1.2937733246E0	1.0852518918E0	1.5877107719E0	1.3417947729E0	1.5551422186E0	1.1683330374E0	1.0332492687E0
84	1.3536768756E0	1.3971193638E0	1.407182209E0	1.2971091157E0	1.086870112E0	1.5930441189E0	1.34726746E0	1.5676062405E0	1.1697917415E0	1.0339577228E0
85	1.3580995293E0	1.4031313957E0	1.412390723E0	1.3025638001E0	1.0895172478E0	1.5945748539E0	1.3481917705E0	1.5838252012E0	1.1749802102E0	1.0345891306E0
86	1.3615746457E0	1.411096184E0	1.4184440686E0	1.3038455667E0	1.0903802738E0	1.5958283551E0	1.3559394896E0	1.5900845409E0	1.1774743326E0	1.034456914E0
87	1.3681778311E0	1.4128208925E0	1.4273992628E0	1.3035602832E0	1.0914972597E0	1.6056701639E0	1.3575753492E0	1.6018529548E0	1.1825661004E0	1.0349998431E0
88	1.3814781488E0	1.4149857037E0	1.4345905059E0	1.3038770089E0	1.0928793489E0	1.6110854435E0	1.3571031847E0	1.6078749987E0	1.1833472919E0	1.0360853493E0
89	1.3867412333E0	1.4235263619E0	1.4345590716E0	1.3095101024E0	1.0938844402E0	1.6209756419E0	1.3590076515E0	1.6115255339E0	1.1865360607E0	1.0367195471E0
90	1.3993252171E0	1.4309260105E0	1.4363681842E0	1.3163899498E0	1.0947589392E0	1.6382041819E0	1.3635069564E0	1.6168953913E0	1.1870086682E0	1.0375434858E0
91	1.4082072623E0	1.4352918983E0	1.4446093815E0	1.3208478526E0	1.0955668077E0	1.6401989731E0	1.3690955665E0	1.6234714417E0	1.1894689599E0	1.038372911E0
92	1.4202474522E0	1.4454320922E0	1.4474276501E0	1.3245949045E0	1.0958041668E0	1.6457391232E0	1.3738623291E0	1.6200886387E0	1.1935726554E0	1.03904404E0
93	1.4285211243E0	1.4429873446E0	1.4502721763E0	1.3281383763E0	1.0969304245E0	1.652502891E0	1.379163365E0	1.630985359E0	1.1953120091E0	1.0394962111E0
94	1.4295001544E0	1.4491974444E0	1.4535042512E0	1.3324896606E0	1.0977684057E0	1.6588015593E0	1.3853475539E0	1.6368881149E0	1.1989757707E0	1.0397846975E0
95	1.4285297544E0	1.4549825158E0	1.4588202703E0	1.3365663329E0	1.0984344647E0	1.6693962553E0	1.3944715567E0	1.6465691776E0	1.201030136E0	1.0409578619E0
96	1.4368293516E0	1.462962409E0	1.4600776792E0	1.3373516595E0	1.0993152953E0	1.6760165896E0	1.4036539931E0	1.6494727107E0	1.2021694154E0	1.041745368E0
97	1.4355854868E0	1.479355642E0	1.4633584036E0	1.3412541642E0	1.1005154525E0	1.6867499949E0	1.4113502493E0	1.6562614827E0	1.2053696313E0	1.0415735685E0
98	1.4370422078E0	1.484473758E0	1.4739446969E0	1.3425010246E0	1.1021864332E0	1.7003557495E0	1.4133104866E0	1.6594188183E0	1.2072958882E0	1.0420236987E0
99	1.448460587E0	1.4864959162E0	1.4794744851E0	1.3422176917E0	1.1020651572E0	1.7093524976E0	1.4176689584E0	1.6748215323E0	1.2097953103E0	1.0424538193E0
100	1.4565464687E0	1.4925707705E0	1.485713129E0	1.3446697787E0	1.1033090296E0	1.7263249863E0	1.4235527608E0	1.6941358558E0	1.212971169E0	1.0427093345E0
101	1.4629821981E0	1.4967140747E0	1.4868694001E0	1.3514846598E0	1.1031765378E0	1.7307653147E0	1.4289857565E0	1.6938519549E0	1.2162400098E0	1.0421200236E0
102	1.4679078336E0	1.4996641906E0	1.4917873854E0	1.3536973315E0	1.1051204301E0	1.7370268424E0	1.4350557251E0	1.7040009256E0	1.2180624167E0	1.0424792929E0
103	1.4738110728E0	1.5149502067E0	1.5039570386E0	1.3605875158E0	1.1060478224E0	1.7428649391E0	1.4467785875E0	1.7099686525E0	1.2200983015E0	1.0423578955E0
104	1.4808658618E0	1.5193557624E0	1.5119833511E0	1.3655126333E0	1.1081391997E0	1.7434550615E0	1.444705387E0	1.7206929436E0	1.2229820378E0	1.042978179E0
105	1.4931590944E0	1.5217165076E0	1.5145104516E0	1.3706325963E0	1.1090716301E0	1.7458096616E0	1.4434014536E0	1.7294639683E0	1.2237371313E0	1.0435511035E0
106	1.5000941474E0	1.5283975292E0	1.5204889118E0	1.375161675E0	1.1101264059E0	1.7512782986E0	1.4486245447E0	1.7415688714E0	1.2278819966E0	1.0441536187E0
107	1.5125096745E0	1.5468440216E0	1.5201537926E0	1.3772656482E0	1.1122608374E0	1.7609049158E0	1.4559059125E0	1.7570782192E0	1.2310016436E0	1.0443852259E0
108	1.5121287506E0	1.5525756214E0	1.5292561578E0	1.3856096877E0	1.1136967902E0	1.7711099913E0	1.4679429403E0	1.7669394174E0	1.2367221266E0	1.0447497173E0
109	1.5180881729E0	1.5549292473E0	1.5384928257E0	1.3891158728E0	1.1147449177E0	1.7702028008E0	1.4708839886E0	1.752644128E0	1.2422845198E0	1.0448520384E0
110	1.5280161264E0	1.5582955671E0	1.5433255757E0	1.3972726553E0	1.1167714483E0	1.7830996571E0	1.4717521453E0	1.7579043733E0	1.2460515407E0	1.0448801679E0
111	1.5341385018E0	1.5605998246E0	1.5532729169E0	1.4072581172E0	1.1193547086E0	1.7966068383E0	1.479966149E0	1.766821841E0	1.2483484397E0	1.0456784618E0
112	1.5397192711E0	1.5736734477E0	1.5583813304E0	1.4140035641E0	1.1198501587E0	1.7978005964E0	1.4784268156E0	1.7747764918E0	1.2531111753E0	1.0464877572E0
113	1.5456014579E0	1.5780145427E0	1.5702954527E0	1.4179791513E0	1.1212858948E0	1.8118549106E0	1.4829743393E0	1.7850218043E0	1.2545022089E0	1.0469064296E0
114	1.5488552828E0	1.5867711792E0	1.568488195E0	1.4184483407E0	1.1222289054E0	1.8179174504E0	1.4844061964E0	1.7950120777E0	1.2586064846E0	1.047290281E0
115	1.5560569787E0	1.588283568E0	1.5801932935E0	1.4242607777E0	1.1226379741E0	1.8311973099E0	1.4904492396E0	1.8045729973E0	1.2620232314E0	1.0476340484E0
116	1.563836042E0	1.5914381614E0	1.5886502439E0	1.4252758833E0	1.1230764992E0	1.8386856619E0	1.4970061746E0	1.8169289691E0	1.264244145E0	1.0482657144E0
117	1.5699453015E0	1.604377326E0	1.592382574E0	1.4267535218E0	1.1244122003E0	1.8499429183E0	1.5005727069E0	1.8166916316E0	1.267515807E0	1.0488258178E0
118	1.579826492E0	1.6063775565E0	1.5929570195E0	1.4348521283E0	1.1254778499E0	1.8558840916E0	1.5043904724E0	1.8249633179E0	1.2721826564E0	1.0492412831E0
119	1.5854838927E0	1.6132691771E0	1.5994874262E0	1.4349358425E0	1.1269814901E0	1.8657958518E0	1.5097914712E0	1.83142293E0	1.2728684521E0	1.050177571E0
120	1.5906467195E0	1.6177537833E0	1.6005074104E0	1.442351261E0	1.1287761523E0	1.8694891899E0	1.5125296197E0	1.8497551067E0	1.2785521569E0	1.0504309725E0
121	1.5908369872E0	1.627321368E0	1.6079463903E0	1.4467551677E0	1.1294019225E0	1.8803210899E0	1.516514236E0	1.8596988539E0	1.28228011E0	1.0508686431E0
122	1.5984682854E0	1.6287980067E0	1.6137107966E0	1.4512769041E0	1.1307053892E0	1.8944676634E0	1.5288678693E0	1.8593732528E0	1.286782037E0	1.0508688886E0
123	1.5964087714E0	1.6347636525E0	1.6198095526E0	1.4580989181E0	1.131780126E0	1.9006774437E0	1.5336471403E0	1.8664186034E0	1.2933089273E0	1.0516485885E0
124	1.6088834924E0	1.6379472224E0	1.6311927846E0	1.4648738342E0	1.1327497984E0	1.9044061538E0	1.5449108911E0	1.869026016E0	1.295033038E0	1.0515809817E0
125	1.6163079204E0	1.6415640862E0	1.6381788358E0	1.4691067558E0	1.1333216596E0	1.9158201003E0	1.5450679344E0	1.8763188662E0	1.2965488239E0	1.0517242584E0
126	1.6245131036E0	1.6475013903E0	1.6445525029E0	1.4716544044E0	1.1340301373E0	1.9282368582E0	1.5438919382E0	1.8919043369E0	1.3002108455E0	1.0528191858E0
127	1.6249830976E0	1.6527524175E0	1.6493157806E0	1.4763170654E0	1.1356158507E0	1.9212736022E0	1.5491285248E0	1.9067063131E0	1.301097097E0	1.0534107065E0
128	1.6418977552E0	1.660158539E0	1.6562511627E0	1.4764768743E0	1.1361427993E0	1.9336669857E0	1.5527720649E0	1.9125383828E0	1.3039837285E0	1.0540050607E0
129	1.6537416558E0	1.6650641288E0	1.6674878413E0	1.4792073368E0	1.1375212326E0	1.9479333978E0	1.5545645274E0	1.915429307E0	1.3033220805E0	1.0546763259E0
130	1.6590040617E0	1.6750809316E0	1.669879478E0	1.4815693951E0	1.1383159017E0	1.9558513676E0	1.5604419996E0	1.9234746876E0	1.3080413292E0	1.0549788953E0
131	1.6613790281E0	1.6793448346E0	1.6834200672E0	1.4885591766E0	1.1394937929E0	1.9625435552E0	1.5589457253E0	1.9279743595E0	1.3101175064E0	1.0559874902E0
132	1.6652095847E0	1.6812355359E0	1.6887117922E0	1.4957313071E0	1.1412700778E0	1.9695292951E0	1.5638851398E0	1.9353355838E0	1.3157848639E0	1.0568439403E0
133	1.6858110995E0	1.6900332487E0	1.6924646508E0	1.4947102397E0	1.1424860455E0	1.9766604015E0	1.5677804734E0	1.94584995E0	1.3194519232E0	1.0572006539E0
134	1.6957590905E0	1.6971190908E0	1.697224938E0	1.5003178958E0	1.143224735E0	1.9768350601E0	1.5770038539E0	1.9654044065E0	1.3258656781E0	1.0569820041E0
135	1.7119468553E0	1.7024270594E0	1.7040422805E0	1.5057697196E0	1.1437151363E0	1.987105252E0	1.5840680963E0	1.9779818121E0	1.3286326035E0	1.0573044597E0
136	1.7258525321E0	1.7096003218E0	1.7095186126E0	1.5088970675E0	1.1452762183E0	1.9862381295E0	1.5888653523E0	1.9911596175E0	1.329832482E0	1.0578096125E0
137	1.7376881291E0	1.7197437174E0	1.7109500995E0	1.5118620121E0	1.1459032231E0	1.9984789191E0	1.5995758319E0	2.0054819258E0	1.3319837772E0	1.0582538268E0
138	1.7423781869E0	1.7375688128E0	1.7167150391E0	1.5140575509E0	1.1470945673E0	2.0021080483E0	1.6064810954E0	2.0198940268E0	1.3363214215E0	1.0589073171E0
139	1.7484205801E0	1.7485051733E0	1.7267578255E0	1.517215753E0	1.1482770598E0	2.0121960493E0	1.6126518403E0	2.0329559944E0	1.3399323062E0	1.0596674548E0
140	1.760707475E0	1.7504303008E0	1.7295763074E0	1.5229794385E0	1.1498888944E0	2.0302753806E0	1.6224641821E0	2.0419685392E0	1.3422634917E0	1.0605131487E0
141	1.7649959254E0	1.7602971774E0	1.7298928527E0	1.5294662564E0	1.1498780405E0	2.0385867717E0	1.6283069888E0	2.0607371833E0	1.3433219374E0	1.060730009E0
142	1.775952547E0	1.7557981162E0	1.7383873949E0	1.532199583E0	1.151176202E0	2.0474377765E0	1.6325666177E0	2.0718521625E0	1.3472771233E0	1.0614708317E0
143	1.7866744941E0	1.7710254349E0	1.7458364862E0	1.5371968505E0	1.1527971243E0	2.0526526793E0	1.6399293056E0	2.0756668457E0	1.3498296428E0	1.0622018044E0
144	1.7982275253E0	1.7752066598E0	1.7543671161E0	1.5425684672E0	1.1542854609E0	2.0668497882E0	1.64628142E0	2.0814124537E0	1.3529479652E0	1.0629732765E0
145	1.813740356E0	1.783964878E0	1.7655617939E0	1.5464210863E0	1.1541590938E0	2.0771719706E0	1.6518499574E0	2.0988220517E0	1.3605063942E0	1.0635313341E0
146	1.825493726E0	1.7891728907E0	1.7753436269E0	1.5562034796E0	1.1556066539E0	2.0907399557E0	1.6549644349E0	2.1099998205E0	1.3632275872E0	1.0639602721E0
147	1.8312101677E0	1.8018208272E0	1.7851663299E0	1.5585084423E0	1.1562670432E0	2.0963693328E0	1.6602548251E0	2.1184543306E0	1.3678690101E0	1.064162798E0
148	1.844112957E0	1.802349493E0	1.7933788973E0	1.5630755089E0	1.1588535523E0	2.1011442163E0	1.6694873534E0	2.1262971966E0	1.3700791561E0	1.0650335866E0
149	1.853616151E0	1.8138128514E0	1.7989371529E0	1.5682123486E0	1.1585650413E0	2.108198071E0	1.6780654305E0	2.132734178E0	1.3753905797E0	1.0653170595E0
150	1.8670847163E0	1.8129519222E0	1.8062635316E0	1.5746130061E0	1.1585634389E0	2.1178286581E0	1.6802316093E0	2.1423116713E0	1.3759814602E0	1.0653648481E0
151	1.8726286936E0	1.8250401405E0	1.8147603816E0	1.5787756734E0	1.1600241316E0	2.1355661603E0	1.6828164396E0	2.1496167014E0	1.3749555825E0	1.0659833473E0
152	1.8803509513E0	1.8341341257E0	1.820868081E0	1.5821237378E0	1.160778037E0	2.1488932138E0	1.6955743744E0	2.1638584898E0	1.3763213118E0	1.0663657382E0
153	1.8925430506E0	1.8448952051E0	1.8209859844E0	1.5836089839E0	1.1628037426E0	2.1575649458E0	1.6928025924E0	2.1785975974E0	1.3801148105E0	1.0666910643E0
154	1.8948383594E0	1.8542416482E0	1.8239796377E0	1.584912487E0	1.1636842643E0	2.1617378504E0	1.6981604771E0	2.1904953324E0	1.3843108256E0	1.0672258123E0
155	1.9052570023E0	1.8605950575E0	1.8326207767E0	1.5935858071E0	1.1638470471E0	2.1757224448E0	1.6992196393E0	2.2004631587E0	1.3904498378E0	1.06755825E0
156	1.9173376527E0	1.8709962457E0	1.8407133366E0	1.5960918468E0	1.1654804523E0	2.1774287541E0	1.7055437592E0	2.2142696471E0	1.3955606964E0	1.0679848927E0
157	1.9256231096E0	1.8817253764E0	1.8481850545E0	1.6022835524E0	1.1666023427E0	2.1868398966E0	1.7127824113E0	2.2254262066E0	1.4003606723E0	1.0685861416E0
158	1.9338241044E0	1.8917392929E0	1.850268534E0	1.6045698262E0	1.1680556477E0	2.1982538372E0	1.7168882035E0	2.2244985383E0	1.4032862544E0	1.0692452473E0
159	1.9513286047E0	1.8975575817E0	1.8508622119E0	1.6024653319E0	1.1676725485E0	2.1988614158E0	1.7250226162E0	2.2339085525E0	1.4081222271E0	1.070008459E0
160	1.9662506762E0	1.9067286076E0	1.8574678353E0	1.6063354674E0	1.1689669894E0	2.2019526177E0	1.7321857183E0	2.2584852889E0	1.4094517673E0	1.0708114468E0
161	1.9699861151E0	1.9078480363E0	1.8643370948E0	1.611228414E0	1.1697832849E0	2.2170808502E0	1.7404807816E0	2.2621607488E0	1.4136342966E0	1.071617045E0
162	1.9731317446E0	1.9129726914E0	1.8750416888E0	1.6189491182E0	1.1710477127E0	2.2272270265E0	1.7444738327E0	2.2743284918E0	1.4173084656E0	1.0720894461E0
163	1.9891280795E0	1.915482703E0	1.8842290797E0	1.6218198374E0	1.1722200796E0	2.2367476479E0	1.7609075175E0	2.2935095641E0	1.4220670351E0	1.072969811E0
164	1.9947946963E0	1.924494805E0	1.8928749079E0	1.6261791017E0	1.1731434985E0	2.2438250261E0	1.7716592648E0	2.3070974856E0	1.4262700294E0	1.073205832E0
165	1.9992926022E0	1.9268254835E0	1.9016375796E0	1.6320686594E0	1.1734764009E0	2.2534072256E0	1.777254205E0	2.3206675693E0	1.428232748E0	1.0736891407E0
166	2.0178184397E0	1.9320732037E0	1.9144408021E0	1.6370679322E0	1.1752812544E0	2.2659465007E0	1.784853938E0	2.340552115E0	1.4325936707E0	1.0745496867E0
167	2.0276621253E0	1.9381607671E0	1.9213047489E0	1.6397498748E0	1.1770916611E0	2.2647189227E0	1.7903531904E0	2.351817286E0	1.436515596E0	1.0749462396E0
168	2.026478634E0	1.940484433E0	1.9336158627E0	1.6475441402E0	1.1782430364E0	2.2612919292E0	1.7959918493E0	2.3640422906E0	1.4420946781E0	1.0753101416E0
169	2.0393082552E0	1.9495286112E0	1.9387365309E0	1.6542377915E0	1.1792311515E0	2.2639978317E0	1.803378243E0	2.3799704188E0	1.4428701568E0	1.0757821008E0
170	2.0475512213E0	1.9562600463E0	1.9423515469E0	1.6547834265E0	1.1807606693E0	2.2690661198E0	1.8101232193E0	2.3751932651E0	1.4468334814E0	1.075911698E0
171	2.0541344112E0	1.9633993359E0	1.9485094459E0	1.6608245683E0	1.1823577999E0	2.2782427E0	1.8124234445E0	2.383526744E0	1.449393613E0	1.0764828603E0
172	2.0661200477E0	1.9684007408E0	1.9585538887E0	1.6650883169E0	1.1852257368E0	2.2734289109E0	1.8189322454E0	2.3949897048E0	1.4501345623E0	1.0769123925E0
173	2.0748713564E0	1.9755136029E0	1.963285273E0	1.6620144707E0	1.1855041107E0	2.2886202981E0	1.8226072574E0	2.4015812448E0	1.4539634435E0	1.0778856439E0
174	2.0736103288E0	1.9855569177E0	1.9717867044E0	1.6671379634E0	1.1876042015E0	2.2986205914E0	1.8337990157E0	2.4118540238E0	1.457027896E0	1.0780587566E0
175	2.0901064807E0	1.9979540048E0	1.9802968844E0	1.6749567527E0	1.1892034595E0	2.3112373969E0	1.8424862921E0	2.4229902396E0	1.4600949673E0	1.0784845726E0
176	2.1051547525E0	2.0054818761E0	1.9833482942E0	1.6772089779E0	1.1902680529E0	2.317308124E0	1.8506217081E0	2.4341660738E0	1.4617458785E0	1.079424611E0
177	2.1137817673E0	2.0155569181E0	1.9888434498E0	1.6781352947E0	1.1917454908E0	2.3184671528E0	1.8583871295E0	2.4495774073E0	1.4690061623E0	1.0804090217E0
178	2.1239046384E0	2.0257969281E0	1.9990679461E0	1.6787135867E0	1.1928962711E0	2.3271326107E0	1.8602042879E0	2.4572681466E0	1.4720320325E0	1.0805107587E0
179	2.1311663417E0	2.0319499772E0	2.0057616162E0	1.6786416869E0	1.1937709103E0	2.3247073748E0	1.8653514622E0	2.4739956577E0	1.4720088535E0	1.0811320985E0
180	2.1448773386E0	2.0407276271E0	2.0083723922E0	1.6799434977E0	1.1944395305E0	2.3366357452E0	1.8707136606E0	2.4788927316E0	1.4758583696E0	1.0819862134E0
181	2.1587621936E0	2.0544024376E0	2.0173154126E0	1.6837631415E0	1.1952268897E0	2.3495614694E0	1.8794568329E0	2.4925972769E0	1.4805679314E0	1.0824496257E0
182	2.1737943028E0	2.0660387838E0	2.0249731923E0	1.6906822037E0	1.1972954686E0	2.3616193977E0	1.8863445264E0	2.4903872451E0	1.4850466742E0	1.0831263407E0
183	2.1847375171E0	2.0760718357E0	2.0296137401E0	1.6914016685E0	1.1986725135E0	2.366093035E0	1.8944041545E0	2.5018929395E0	1.489887474E0	1.0833486045E0
184	2.2043157792E0	2.0858667724E0	2.0346020821E0	1.6926332945E0	1.200575928E0	2.3863530299E0	1.9048212588E0	2.5237214458E0	1.493934883E0	1.0845117167E0
185	2.2076454391E0	2.0928014039E0	2.0379625929E0	1.6961693611E0	1.2016652636E0	2.3943248033E0	1.9179451471E0	2.5308677293E0	1.4955196151E0	1.0849664588E0
186	2.2170809297E0	2.1014673537E0	2.0394029904E0	1.7008713942E0	1.2030426775E0	2.4074794995E0	1.9268904592E0	2.5375860075E0	1.4996740005E0	1.0860042063E0
187	2.2341343015E0	2.1037168591E0	2.0492845449E0	1.7052379107E0	1.2039535612E0	2.4219142652E0	1.9294896635E0	2.5561620521E0	1.5022888334E0	1.0866412075E0
188	2.2511324109E0	2.1150043047E0	2.0620266073E0	1.7128755412E0	1.2052132605E0	2.4265637853E0	1.9319531243E0	2.561806591E0	1.505734618E0	1.0872579265E0
189	2.268046471E0	2.118507265E0	2.0710553103E0	1.7225195725E0	1.2070924412E0	2.4378846909E0	1.9412570384E0	2.5741558082E0	1.5095425219E0	1.0879991678E0
190	2.2785487085E0	2.1359208515E0	2.0849854315E0	1.7268388347E0	1.2080199378E0	2.4470155885E0	1.943359748E0	2.5870091068E0	1.5128577877E0	1.0887188788E0
191	2.2963575259E0	2.1459713198E0	2.0910390694E0	1.7298803023E0	1.2092785268E0	2.4512954677E0	1.9504501059E0	2.5996805692E0	1.5157029932E0	1.0892526262E0
192	2.3004148339E0	2.1515191084E0	2.0941546422E0	1.7419014249E0	1.210747255E0	2.4629813596E0	1.9635804445E0	2.6050186374E0	1.5188073763E0	1.0893460476E0
193	2.3007561109E0	2.1602674829E0	2.1049865135E0	1.7469700817E0	1.2126649662E0	2.4625539773E0	1.9760355918E0	2.6187935864E0	1.5261676098E0	1.0898603715E0
194	2.3111434876E0	2.1604846654E0	2.1105265749E0	1.7550040361E0	1.2134364484E0	2.4746728562E0	1.983417327E0	2.6250865141E0	1.5315920556E0	1.0910538241E0
195	2.3190098007E0	2.1651065414E0	2.1189645358E0	1.7557884739E0	1.2141492763E0	2.4892190468E0	1.9930803574E0	2.6427606833E0	1.5338043789E0	1.0917408527E0
196	2.3353650856E0	2.1733150941E0	2.1214863669E0	1.7582753841E0	1.2144698658E0	2.4911279624E0	1.99346935E0	2.6632164938E0	1.537481005E0	1.0923824949E0
197	2.3446335868E0	2.1835727045E0	2.1263465288E0	1.7622994425E0	1.2154041118E0	2.5005938141E0	2.0019626894E0	2.6766858603E0	1.540764116E0	1.0924366344E0
198	2.3544473243E0	2.1914196832E0	2.1358905234E0	1.7664383849E0	1.2167438752E0	2.5120071743E0	2.0104105429E0	2.6973479786E0	1.5447522748E0	1.0928737083E0
199	2.3628293058E0	2.2030891281E0	2.1459437426E0	1.7750637843E0	1.2175075899E0	2.5297626251E0	2.0160132005E0	2.7154250336E0	1.5502569392E0	1.0935882462E0
200	2.380362919E0	2.2121392589E0	2.1469575596E0	1.7774574144E0	1.2190871179E0	2.5402327682E0	2.0235507762E0	2.7285724503E0	1.5532761866E0	1.0943364587E0
201	2.3865880183E0	2.221058446E0	2.1503247137E0	1.7875887258E0	1.2205299192E0	2.5470559613E0	2.0303735429E0	2.7363707449E0	1.5565762759E0	1.0944284197E0
202	2.4020487316E0	2.2270254665E0	2.1652132869E0	1.7912917775E0	1.2210256717E0	2.5571877872E0	2.0360037198E0	2.7560195131E0	1.560888073E0	1.0945540125E0
203	2.4120617521E0	2.2353888203E0	2.1737198686E0	1.7981713785E0	1.2227242741E0	2.5743608706E0	2.0444981683E0	2.7696535997E0	1.5643849307E0	1.0946204745E0
204	2.4249844554E0	2.2460892516E0	2.1828015878E0	1.8086630043E0	1.2244834219E0	2.5960889439E0	2.0534547355E0	2.7784090155E0	1.5655007387E0	1.0951319588E0
205	2.4360204285E0	2.2490904391E0	2.1903860511E0	1.815331595E0	1.2252623141E0	2.6133474994E0	2.0611640812E0	2.7915086564E0	1.5695628977E0	1.095672657E0
206	2.4514370116E0	2.2582152074E0	2.1970109235E0	1.8225202302E0	1.2273134465E0	2.6230352953E0	2.0677121304E0	2.81154404E0	1.574819519E0	1.0966930832E0
207	2.4643747903E0	2.2704362748E0	2.2055251555E0	1.8271568263E0	1.2294571628E0	2.6319381027E0	2.077906711E0	2.8244284086E0	1.578231069E0	1.0969575709E0
208	2.4699067823E0	2.2734912555E0	2.2023051817E0	1.8294755373E0	1.2303610948E0	2.6516466042E0	2.0920945295E0	2.85149445E0	1.5803879416E0	1.097904864E0
209	2.4800785605E0	2.2728365238E0	2.2099640054E0	1.8325488994E0	1.2320218697E0	2.661858256E0	2.1045880189E0	2.8654183957E0	1.5850220518E0	1.0984180438E0
210	2.4912212582E0	2.2790074289E0	2.2182231249E0	1.8368691715E0	1.2337635125E0	2.6747182026E0	2.112866735E0	2.8678932046E0	1.5920017695E0	1.0991683042E0
211	2.5072725429E0	2.2897088593E0	2.226129407E0	1.8437789846E0	1.2348414269E0	2.6893330161E0	2.1216686448E0	2.8773206508E0	1.5972191829E0	1.099740799E0
212	2.5224890464E0	2.3062475374E0	2.2323237978E0	1.8505273887E0	1.2350015194E0	2.7105518266E0	2.1279751896E0	2.8966447349E0	1.6024243052E0	1.1005980124E0
213	2.5380213066E0	2.3222574371E0	2.2440758403E0	1.857574279E0	1.2362411376E0	2.7233534974E0	2.1320424804E0	2.9152706144E0	1.606396931E0	1.1009728478E0
214	2.5467066029E0	2.3321562738E0	2.2484628078E0	1.8652072326E0	1.2384606989E0	2.7398951044E0	2.1424805454E0	2.93004711E0	1.6129278347E0	1.1012394623E0
215	2.5569767361E0	2.3376979575E0	2.2594977557E0	1.8717373065E0	1.2396123559E0	2.7436410148E0	2.1479691662E0	2.9469205822E0	1.6141844555E0	1.1017342167E0
216	2.5785763304E0	2.3503993055E0	2.2656797557E0	1.8799189869E0	1.2415875377E0	2.7515542058E0	2.1606924875E0	2.9602869023E0	1.6183745004E0	1.1020924556E0
217	2.5879350402E0	2.3636440602E0	2.2778873746E0	1.8816564558E0	1.2425545896E0	2.7669600386E0	2.1676337152E0	2.9831889748E0	1.621778739E0	1.1024570413E0
218	2.6101060171E0	2.372727623E0	2.2932862729E0	1.8852512412E0	1.2428552901E0	2.7848366882E0	2.1780093206E0	3.0019637076E0	1.6267379243E0	1.1029288004E0
219	2.6145482617E0	2.3823695743E0	2.2995892466E0	1.8920907865E0	1.2445848083E0	2.8010991073E0	2.1812945462E0	3.0158234901E0	1.6306808747E0	1.1033266025E0
220	2.6241770951E0	2.3887625704E0	2.3097841568E0	1.9021305854E0	1.2456686339E0	2.8145904557E0	2.1889303351E0	3.0239632898E0	1.6343589207E0	1.1039186702E0
221	2.6225142645E0	2.3952926714E0	2.3249180484E0	1.9117476963E0	1.2468636662E0	2.8314308763E0	2.1940840283E0	3.0446433251E0	1.6382666168E0	1.1045852088E0
222	2.631101565E0	2.4094008983E0	2.3310287472E0	1.9124997675E0	1.2473378674E0	2.8421446965E0	2.1991747822E0	3.0570650897E0	1.6438435239E0	1.1052102613E0
223	2.6412246238E0	2.4234877105E0	2.3439061257E0	1.9152945362E0	1.2487648824E0	2.8495450246E0	2.2089167702E0	3.0611659996E0	1.6487649974E0	1.1057585928E0
224	2.6588805425E0	2.4318787808E0	2.3492180197E0	1.9197589959E0	1.2501255047E0	2.8692372904E0	2.2119287926E0	3.0687313756E0	1.6513035054E0	1.1065047831E0
225	2.6700741935E0	2.448622237E0	2.3563676806E0	1.9278274913E0	1.2513690257E0	2.8801743874E0	2.2187770974E0	3.0931721345E0	1.6555756065E0	1.1070932349E0
226	2.6912641391E0	2.4600898032E0	2.3645563134E0	1.9363625757E0	1.2526944121E0	2.8884000938E0	2.2247316318E0	3.110821948E0	1.657391219E0	1.1073404293E0
227	2.7001740621E0	2.4736178727E0	2.3665905353E0	1.9438393945E0	1.2525760847E0	2.9145800987E0	2.2355238218E0	3.1360438563E0	1.6628970581E0	1.1080351231E0
228	2.7128867654E0	2.483393346E0	2.3727362083E0	1.9544425833E0	1.2536942924E0	2.9402932542E0	2.2406980599E0	3.1578935565E0	1.6690828776E0	1.1085027413E0
229	2.7298690483E0	2.5036829368E0	2.3748581029E0	1.9577977385E0	1.2554168051E0	2.952242494E0	2.2453061157E0	3.1709296391E0	1.6711327964E0	1.1088230979E0
230	2.7517939117E0	2.5172026504E0	2.3799110921E0	1.9653241602E0	1.2564512757E0	2.9562154535E0	2.2554897943E0	3.192572915E0	1.6749120953E0	1.108956336E0
231	2.7628953266E0	2.5352917205E0	2.3834083152E0	1.9695694158E0	1.2577608883E0	2.9641813048E0	2.2575455762E0	3.2010708921E0	1.6820320805E0	1.1098902418E0
232	2.775218026E0	2.5430309034E0	2.3878641568E0	1.9723650663E0	1.2589617694E0	2.9760576216E0	2.2715853806E0	3.2107985989E0	1.6852573838E0	1.1098549831E0
233	2.7836301189E0	2.549711217E0	2.3987120639E0	1.9771590943E0	1.2600896363E0	2.9881376652E0	2.2768145503E0	3.2318657914E0	1.6885921959E0	1.1104382136E0
234	2.8019178156E0	2.5616308526E0	2.4001289895E0	1.981719122E0	1.2615832794E0	2.9939554589E0	2.2856741904E0	3.2533484321E0	1.6916430261E0	1.1108647532E0
235	2.8052106841E0	2.5740522793E0	2.40945439E0	1.9901860586E0	1.2622037031E0	3.0109633401E0	2.297274183E0	3.2670588489E0	1.6951669275E0	1.1111825857E0
236	2.8197369641E0	2.5866190366E0	2.4171902254E0	1.9967056694E0	1.2629173011E0	3.0127544347E0	2.3056576361E0	3.2808246765E0	1.7009338859E0	1.1121179452E0
237	2.8430253473E0	2.5986271282E0	2.4223381274E0	2.0015859922E0	1.2643339984E0	3.0274025919E0	2.3152767609E0	3.3044724608E0	1.7042730664E0	1.1126578734E0
238	2.8505604817E0	2.6140943502E0	2.4323056502E0	2.0121998067E0	1.2659720156E0	3.0461558226E0	2.3250033502E0	3.3199903639E0	1.7058596028E0	1.1131139624E0
239	2.8599203722E0	2.6257196011E0	2.4418150999E0	2.0207252976E0	1.2673807302E0	3.0571119628E0	2.3323961402E0	3.3441565872E0	1.7102574596E0	1.1134264271E0
240	2.8760500334E0	2.6325747562E0	2.4552405218E0	2.0271311336E0	1.2680667791E0	3.062592585E0	2.339533098E0	3.3752610013E0	1.7138937425E0	1.113699341E0
241	2.8898242225E0	2.6315797407E0	2.464111099E0	2.0339684804E0	1.2688369213E0	3.0773917296E0	2.3521150607E0	3.3888645565E0	1.7152731206E0	1.1144747195E0
242	2.9081347444E0	2.6377802293E0	2.471733381E0	2.0436484029E0	1.2702410034E0	3.0958919484E0	2.3598846257E0	3.4046405065E0	1.7181957173E0	1.1153111427E0
243	2.9174936309E0	2.6474133025E0	2.4746316964E0	2.0477307646E0	1.2709532569E0	3.112527566E0	2.3647651609E0	3.4200381977E0	1.7216863188E0	1.1160906409E0
244	2.9326883863E0	2.6590146776E0	2.4875291213E0	2.053605872E0	1.2722345216E0	3.1245883389E0	2.3757208548E0	3.4480739274E0	1.7252321666E0	1.1165577714E0
245	2.9504541992E0	2.6724765917E0	2.5012623954E0	2.0580142461E0	1.2750358872E0	3.1424158063E0	2.384090776E0	3.4477252671E0	1.7279156874E0	1.1168909003E0
246	2.9574060087E0	2.6857989702E0	2.5094790001E0	2.0696148687E0	1.2770327E0	3.1606325039E0	2.3901492725E0	3.4639766112E0	1.7298493737E0	1.1175890872E0
247	2.9648683315E0	2.699622659E0	2.5230199966E0	2.0759897839E0	1.2782207656E0	3.1705279964E0	2.3955438317E0	3.4852880163E0	1.7334444851E0	1.1178962902E0
248	2.9866304365E0	2.7087006597E0	2.5227387319E0	2.0763460771E0	1.279079118E0	3.1902331214E0	2.4030276685E0	3.4910244481E0	1.7371680747E0	1.1182694092E0
249	2.9937626107E0	2.7132264288E0	2.522996703E0	2.0786124217E0	1.2808663039E0	3.2153984503E0	2.4114734532E0	3.5103209024E0	1.7421535653E0	1.1191806142E0
250	3.0106695251E0	2.7170926886E0	2.5291194664E0	2.0814264746E0	1.2825059233E0	3.2244594952E0	2.4170432045E0	3.5341197653E0	1.7451908012E0	1.1202095907E0
251	3.0283530098E0	2.7197463547E0	2.5356443435E0	2.0893029792E0	1.2835835525E0	3.2236534807E0	2.4224269199E0	3.5528017414E0	1.7520123671E0	1.1203888164E0
252	3.0386261236E0	2.7323481418E0	2.548734057E0	2.100955365E0	1.2853562161E0	3.2166559364E0	2.429051166E0	3.5587490833E0	1.756218682E0	1.1206829881E0
253	3.0569629243E0	2.7468562173E0	2.5558772986E0	2.1071752806E0	1.285895082E0	3.2298275856E0	2.4346457421E0	3.5655872951E0	1.7598504108E0	1.120832025E0
254	3.0706260076E0	2.7550346676E0	2.5658870277E0	2.1104332001E0	1.2876259958E0	3.2433727161E0	2.4372244271E0	3.5844833012E0	1.7592409179E0	1.1217700757E0
255	3.0852073846E0	2.7659577089E0	2.5773073829E0	2.1159971665E0	1.2890168415E0	3.2534505089E0	2.4480980698E0	3.59721156E0	1.7668218351E0	1.1222241307E0
256	3.1095323423E0	2.7768300051E0	2.5827922459E0	2.1190031803E0	1.2903119883E0	3.2728269582E0	2.4561437E0	3.6278950453E0	1.7666281289E0	1.122392731E0
257	3.1263756347E0	2.7802994543E0	2.5908540173E0	2.1268069489E0	1.2923012635E0	3.2866837738E0	2.4658958304E0	3.655450512E0	1.7734159828E0	1.122656464E0
258	3.1355336649E0	2.7879188267E0	2.6003380203E0	2.1330941691E0	1.2937063486E0	3.3084567454E0	2.4767981744E0	3.6800424323E0	1.7770069086E0	1.123145917E0
259	3.1485036082E0	2.808643192E0	2.6142370707E0	2.1400416984E0	1.2947754906E0	3.3194079292E0	2.4941335196E0	3.6868371427E0	1.784364086E0	1.123635128E0
260	3.1638623363E0	2.8136419029E0	2.6307101434E0	2.1480013983E0	1.2959069601E0	3.3468375924E0	2.5074807194E0	3.70451879E0	1.7891380317E0	1.1241567682E0
261	3.1920048718E0	2.8246667403E0	2.6417190413E0	2.1533608161E0	1.2971888772E0	3.3598669716E0	2.5111119629E0	3.7335469597E0	1.7954460261E0	1.1247063405E0
262	3.207127721E0	2.8358388974E0	2.6473319676E0	2.1611376455E0	1.2982251554E0	3.374004629E0	2.5239116231E0	3.7617370959E0	1.7974160093E0	1.1251174176E0
263	3.210365283E0	2.8666955505E0	2.6525594898E0	2.1620338483E0	1.3003141685E0	3.3908307423E0	2.5362374476E0	3.7957477577E0	1.8017758726E0	1.1257837542E0
264	3.23080018E0	2.8798119459E0	2.6627580564E0	2.1660549703E0	1.3019971813E0	3.4036706801E0	2.5392486351E0	3.8155510021E0	1.8062407556E0	1.1260616143E0
265	3.2520552465E0	2.8907535243E0	2.6741291482E0	2.1727449226E0	1.3034772212E0	3.4148524352E0	2.5514558491E0	3.8386356998E0	1.8099267252E0	1.1269304375E0
266	3.2738321762E0	2.9020891528E0	2.6865442562E0	2.1747434797E0	1.3040852102E0	3.4280241435E0	2.5588440145E0	3.8613795029E0	1.8163797492E0	1.1276688412E0
267	3.2980733988E0	2.9187815039E0	2.6922343558E0	2.1797246564E0	1.3051434084E0	3.4447455176E0	2.5745661973E0	3.8721593819E0	1.8230916497E0	1.1281053874E0
268	3.3307435491E0	2.9381170446E0	2.695208844E0	2.1873532827E0	1.3069089487E0	3.4642744387E0	2.5846672834E0	3.890690176E0	1.8284170526E0	1.1286627067E0
269	3.3397014359E0	2.9576073713E0	2.7082305545E0	2.1936805354E0	1.3090366164E0	3.4725479053E0	2.5988710115E0	3.8989539692E0	1.830380829E0	1.1293584753E0
270	3.3472505223E0	2.9749910832E0	2.7198935269E0	2.2061422434E0	1.311086339E0	3.4890558696E0	2.6125264938E0	3.9014587098E0	1.8390716435E0	1.1297812672E0
271	3.3710164676E0	2.9891911784E0	2.729270573E0	2.2160888528E0	1.3127868145E0	3.5006284883E0	2.6220648949E0	3.9109987488E0	1.8421747814E0	1.1305597952E0
272	3.3964471548E0	3.0034074501E0	2.7390944055E0	2.2217849489E0	1.3139455056E0	3.5166087329E0	2.6287911434E0	3.9310363749E0	1.8458155993E0	1.1309994169E0
273	3.4014803744E0	3.0240650542E0	2.7514005605E0	2.2266499345E0	1.3152510038E0	3.5328150769E0	2.6388383469E0	3.9507195984E0	1.8477730468E0	1.1310198171E0
274	3.4259896584E0	3.0330107593E0	2.7536426757E0	2.2322887352E0	1.3168455588E0	3.5470478924E0	2.6498896653E0	3.9647635313E0	1.8540959054E0	1.1316509967E0
275	3.437072608E0	3.0460200104E0	2.7656351904E0	2.2392209272E0	1.3179218647E0	3.5703923448E0	2.6566916533E0	3.9742912888E0	1.8572941985E0	1.131880886E0
276	3.4570518789E0	3.0606516941E0	2.778516534E0	2.24534829E0	1.3196928797E0	3.5934674661E0	2.6681084098E0	3.9767308236E0	1.8619148109E0	1.1329734665E0
277	3.4746722417E0	3.0714345682E0	2.7891433122E0	2.2506175334E0	1.3210779378E0	3.597545412E0	2.6713845537E0	3.9965078834E0	1.8650149986E0	1.1335302297E0
278	3.4883605578E0	3.0778245534E0	2.8008328555E0	2.2610981511E0	1.3223665196E0	3.6153638345E0	2.6750298203E0	4.0121542183E0	1.8700933743E0	1.1340151735E0
279	3.5135297783E0	3.0883540579E0	2.8101855625E0	2.2729748915E0	1.3235616606E0	3.6266385891E0	2.6806389496E0	4.0335007859E0	1.8755016919E0	1.1346351499E0
280	3.5366468075E0	3.1008815355E0	2.820014169E0	2.2837076711E0	1.325355217E0	3.6477505649E0	2.6884696392E0	4.049466563E0	1.8813661758E0	1.1353915919E0
281	3.5613091424E0	3.1149480231E0	2.8276169119E0	2.2877303028E0	1.3270515848E0	3.6681971827E0	2.6947605628E0	4.0581647997E0	1.8856792354E0	1.1360625693E0
282	3.5818398703E0	3.1273375679E0	2.8376681044E0	2.2971556736E0	1.327686267E0	3.6835251163E0	2.7060304643E0	4.0788256479E0	1.8903176345E0	1.1367965055E0
283	3.5992302454E0	3.1362464076E0	2.8453431775E0	2.3068857456E0	1.3293600181E0	3.6974197987E0	2.7188068681E0	4.0982961994E0	1.8968023911E0	1.1373755805E0
284	3.6208892231E0	3.1447391901E0	2.8530494063E0	2.3121950194E0	1.3306060892E0	3.7228786762E0	2.726155123E0	4.1266536746E0	1.9009058776E0	1.1379728985E0
285	3.643209228E0	3.1558334625E0	2.8620087052E0	2.317493925E0	1.3322253627E0	3.7474266898E0	2.7326782706E0	4.1460153301E0	1.9056116826E0	1.1385059976E0
286	3.6672415991E0	3.1702030751E0	2.8656064932E0	2.3265818782E0	1.3342037406E0	3.7700977354E0	2.7469555449E0	4.1556486303E0	1.91044548E0	1.1391911273E0
287	3.6833428747E0	3.1805729189E0	2.8753598592E0	2.3339647196E0	1.3352000959E0	3.7980441387E0	2.7577829445E0	4.1914712719E0	1.9146769756E0	1.1400268756E0
288	3.7101586673E0	3.1917533565E0	2.8794100315E0	2.3423944292E0	1.3371797011E0	3.8193632415E0	2.7689983894E0	4.2040395575E0	1.9204940315E0	1.1407048219E0
289	3.7306242249E0	3.2020315237E0	2.8894504004E0	2.3489430592E0	1.3378174857E0	3.8413292251E0	2.7856183723E0	4.2038319582E0	1.9238703071E0	1.1413802334E0
290	3.7396697772E0	3.2145916031E0	2.9035552302E0	2.3543437747E0	1.339775855E0	3.861677115E0	2.7928352695E0	4.2412094915E0	1.9259832025E0	1.1415430445E0
291	3.7662516132E0	3.2240048526E0	2.9150955609E0	2.3616740749E0	1.3412134451E0	3.8803526201E0	2.805041659E0	4.2591202498E0	1.9316643795E0	1.1419357454E0
292	3.7802319919E0	3.2385036637E0	2.9269717589E0	2.3696577828E0	1.3415610037E0	3.8795211811E0	2.8098125471E0	4.2917623408E0	1.9356688922E0	1.1426840817E0
293	3.7995944293E0	3.2541030685E0	2.9331824448E0	2.3794931658E0	1.343206049E0	3.9095226147E0	2.8213071675E0	4.3100209905E0	1.9401237295E0	1.1429882478E0
294	3.8190450545E0	3.2771086097E0	2.9393957473E0	2.3892470937E0	1.3445200421E0	3.9392731762E0	2.8358844323E0	4.322502075E0	1.9428514319E0	1.1434378365E0
295	3.8455956905E0	3.2932033004E0	2.9417206831E0	2.3982528148E0	1.3459275136E0	3.9563117392E0	2.8421938817E0	4.3510150957E0	1.9495456677E0	1.1442639764E0
296	3.8729717293E0	3.3125599623E0	2.9556415304E0	2.4014803746E0	1.3474550066E0	3.9841354732E0	2.8553623871E0	4.3643390967E0	1.9533056901E0	1.1449429485E0
297	3.8911457285E0	3.3249969395E0	2.9682044003E0	2.407044964E0	1.3486364674E0	4.0026697598E0	2.8682240577E0	4.3924720068E0	1.9560767219E0	1.1455238933E0
298	3.9151969082E0	3.3404016869E0	2.977571612E0	2.4148422203E0	1.350218611E0	4.0220552704E0	2.8764206011E0	4.414208173E0	1.9594079603E0	1.1461518032E0
299	3.9365676667E0	3.3523272078E0	2.9890591354E0	2.4234442703E0	1.3515927194E0	4.0342308686E0	2.8842416544E0	4.4311962214E0	1.962994753E0	1.1467494358E0
300	3.9749794259E0	3.3656351171E0	3.0006333231E0	2.4280129883E0	1.3529044661E0	4.056848067E0	2.8957000127E0	4.4517141305E0	1.9658168969E0	1.1473132385E0
301	3.9878108392E0	3.3901406479E0	3.0098231963E0	2.4370334923E0	1.3543584054E0	4.0760575774E0	2.9105380088E0	4.4702635697E0	1.9717288857E0	1.1479230969E0
302	4.006205542E0	3.4065765616E0	3.0244149977E0	2.4430074753E0	1.3566263751E0	4.1056109098E0	2.9273857822E0	4.4962494781E0	1.9749844563E0	1.1484411236E0
303	4.0308375006E0	3.4211184478E0	3.036332268E0	2.4488605918E0	1.3577821155E0	4.1332647798E0	2.9432471073E0	4.5301251161E0	1.980347639E0	1.1487925502E0
304	4.0588179795E0	3.4295106387E0	3.0467144291E0	2.4551584401E0	1.3593173882E0	4.1610520625E0	2.9476227461E0	4.5497414873E0	1.9859273394E0	1.1494648712E0
305	4.0695655919E0	3.4371632156E0	3.0588140993E0	2.4605093288E0	1.3600497318E0	4.1819839104E0	2.9590122139E0	4.5581412434E0	1.9871151676E0	1.1502150266E0
306	4.094801197E0	3.4454456742E0	3.0727576913E0	2.4654427169E0	1.3614568921E0	4.2030076629E0	2.9649025257E0	4.5736751008E0	1.9905479755E0	1.1508523917E0
307	4.1086855213E0	3.4588903784E0	3.0856648853E0	2.4728171179E0	1.3628164447E0	4.218813451E0	2.9750612561E0	4.5841239058E0	1.9940133938E0	1.1511481645E0
308	4.1234909501E0	3.4669168347E0	3.0956392295E0	2.4763343685E0	1.3635303522E0	4.2379991447E0	2.978308325E0	4.6029304955E0	1.9984802081E0	1.1520964678E0
309	4.153727514E0	3.480782896E0	3.1062615895E0	2.4879058412E0	1.3647393987E0	4.2561774812E0	2.9883501049E0	4.6268076914E0	2.0039122049E0	1.1527676287E0
310	4.1693273253E0	3.4958669851E0	3.1140932374E0	2.4988555465E0	1.3663066473E0	4.2867391422E0	3.0072572815E0	4.6625195083E0	2.0119890787E0	1.1531581594E0
311	4.1864268421E0	3.5138478053E0	3.1234335189E0	2.5067355078E0	1.3675547802E0	4.3077970627E0	3.0116853517E0	4.6857595756E0	2.0179298954E0	1.1540876913E0
312	4.2076245152E0	3.5319838234E0	3.1386915528E0	2.5157662563E0	1.3690647858E0	4.3308356802E0	3.0222364352E0	4.7068912833E0	2.0203285058E0	1.1548367368E0
313	4.2249816152E0	3.5444771043E0	3.1426275854E0	2.5226517585E0	1.3699829298E0	4.3628969312E0	3.0311331284E0	4.7349473884E0	2.0230795104E0	1.1553498813E0
314	4.2528597727E0	3.5589891106E0	3.1541016812E0	2.5279589765E0	1.3721940008E0	4.3822227114E0	3.0387634961E0	4.7656513417E0	2.0254174661E0	1.1557104587E0
315	4.2764863562E0	3.5726260348E0	3.1626977267E0	2.5376709746E0	1.3732999721E0	4.3958966826E0	3.0558665893E0	4.7950518939E0	2.0310514132E0	1.1562785773E0
316	4.2771907114E0	3.585332902E0	3.1712312632E0	2.5444370008E0	1.3746913864E0	4.4251711421E0	3.0568085503E0	4.8317227578E0	2.0364767808E0	1.1571843076E0
317	4.3178932782E0	3.5956179244E0	3.1864214123E0	2.5522853734E0	1.3760260236E0	4.4478423942E0	3.0647587508E0	4.8521594367E0	2.0411453122E0	1.1578607864E0
318	4.3435232765E0	3.6060539409E0	3.1987203329E0	2.5590984045E0	1.3777020814E0	4.4795960306E0	3.0775536281E0	4.8647572506E0	2.0486750435E0	1.1581460665E0
319	4.3692846165E0	3.6349666355E0	3.2198215028E0	2.5654986728E0	1.3782203421E0	4.4794366735E0	3.0920598222E0	4.8922779388E0	2.0542529612E0	1.1587816577E0
320	4.3886254971E0	3.6584872915E0	3.2385149531E0	2.5711821089E0	1.3795346316E0	4.510436639E0	3.1062923941E0	4.9179764457E0	2.0594193295E0	1.1594130445E0
321	4.3968270647E0	3.6695988225E0	3.254145569E0	2.5829559924E0	1.3807713609E0	4.5172222604E0	3.1180988646E0	4.9385653962E0	2.0608193571E0	1.1599980483E0
322	4.4266853633E0	3.6754532726E0	3.2659019598E0	2.586259339E0	1.3816630257E0	4.5484951178E0	3.1266094511E0	4.948102266E0	2.0662566039E0	1.1608052464E0
323	4.4479421451E0	3.6921906859E0	3.2743059963E0	2.6014400226E0	1.3824548162E0	4.5724174345E0	3.1272295528E0	4.9742405951E0	2.0720238978E0	1.1617685806E0
324	4.462605155E0	3.7114074746E0	3.2852522648E0	2.6093432973E0	1.38395653E0	4.6017616335E0	3.1439241033E0	4.9954925264E0	2.0765173362E0	1.1623890813E0
325	4.4775674237E0	3.73039737E0	3.3020899104E0	2.6162577712E0	1.3844416848E0	4.6270343696E0	3.1627249723E0	5.0174945805E0	2.0805223692E0	1.1628223605E0
326	4.4861988338E0	3.7468588129E0	3.3160286009E0	2.6252199725E0	1.3862344728E0	4.6341805769E0	3.1728587531E0	5.0416740907E0	2.0830393218E0	1.163274405E0
327	4.5163067436E0	3.7699424051E0	3.3279565951E0	2.6380321516E0	1.3870874806E0	4.6510599264E0	3.1799561237E0	5.0569574029E0	2.0877107022E0	1.1637261529E0
328	4.538304438E0	3.7927706846E0	3.3404899763E0	2.6472193406E0	1.387833879E0	4.6736348449E0	3.1857646973E0	5.0821379845E0	2.0949483097E0	1.1645410329E0
329	4.5622235821E0	3.811150506E0	3.3456487121E0	2.6551235496E0	1.3893025794E0	4.6943737863E0	3.193224218E0	5.1018411856E0	2.0995875318E0	1.1647505715E0
330	4.5728896104E0	3.8232869839E0	3.3579166666E0	2.6623188789E0	1.3909501527E0	4.7175936283E0	3.206533202E0	5.132936969E0	2.1077987633E0	1.165379138E0
331	4.6086009909E0	3.8245917762E0	3.3667032362E0	2.6678131975E0	1.3925969482E0	4.7232875443E0	3.2198112796E0	5.1599615345E0	2.1123626571E0	1.1663991254E0
